Sailfish	Salmon	STAR-HTSeq
AT1G01700             1.064816             0.183241             1.625095
AT1G02430             4.875650             2.088949             0.562895
AT1G02705             19.899400             17.278804             1.430174
AT1G03495             4.644700             0.300438             4.963168
AT1G03940             3.756080             0.117850             3.336519
AT1G03990             2.859460             0.081986             3.516418
AT1G04290             30.257600             26.435589             2.566877
AT1G04940             42.642900             43.664276             0.974924
AT1G05090             14.591500             14.844292             1.810467
AT1G05250             65.036100             67.933130             0.167388
AT1G06250             1.399300             0.099794             2.418247
AT1G06450             3.695680             2.574308             0.274894
AT1G07590             307.400000             327.749214             29.014578
AT1G08270             4.728830             0.427710             1.684808
AT1G08590             2.465890             1.188755             0.030535
AT1G09610             1.130410             1.184086             0.110312
AT1G11900             3.131660             3.280206             0.322073
AT1G12210             1.072838             0.962905             0.037510
AT1G14450             149.527000             156.994840             4.845516
AT1G15190             1.168810             0.087445             1.482418
AT1G15825             9.438870             2.363839             0.321117
AT1G15840             1.528390             0.123222             1.943115
AT1G17610             2.015440             2.554516             0.071839
AT1G17744             0.282249             1.083475             0.131331
AT1G17990             4.288465             4.476932             0.157865
AT1G18000             30.150100             16.300304             0.062953
AT1G18980             25.085400             27.396886             0.588133
AT1G19396             63.263590             52.400131             6.148178
AT1G19630             0.520357             0.058499             0.035319
AT1G20470             5.761880             0.864128             0.526601
AT1G24880             1716.144000             1531.780231             0.462708
AT1G26250             90.648100             98.467731             1.136728
AT1G26720             1.589320             0.138854             0.168562
AT1G27920             22.624600             0.830422             0.055753
AT1G31200             7.382470             4.811582             0.326938
AT1G34315             13.846800             2.156205             21.817850
AT1G44740             1.384270             0.096676             1.990997
AT1G47130             6.478730             3.267806             49.189334
AT1G48560             0.239850             1.322836             0.053282
AT1G50750             0.730074             0.084961             0.925807
AT1G51550             7.819930             7.134439             0.810177
AT1G53230             43.479800             44.456201             2.538909
AT1G55180             2.823526             0.336394             3.556412
AT1G55670             2767.120000             4021.986883             279.574901
AT1G58220             6.050100             7.075843             0.826982
AT1G58848             12.199357             13.064109             0.196095
AT1G59218             3.287271             3.402479             0.058947
AT1G62510             218.713000             243.517949             29.955591
AT1G62840             1.700820             5.387315             0.151990
AT1G65420             6.874330             6.984837             0.661470
AT1G66930             0.990776             0.090274             0.654535
AT1G69570             11.673900             3.572627             0.375535
AT1G70470             8.577320             11.959050             0.764781
AT1G70660             130.019880             135.512815             5.404755
AT1G71480             21.225450             18.830266             1.194443
AT1G72060             75.610300             80.999752             1.423902
AT1G72070             14.345320             9.514243             0.149884
AT1G72600             5.848090             5.875284             0.346548
AT1G72850             2.024760             0.683876             0.082734
AT1G72860             1.936000             0.280100             0.078022
AT1G74875             1.114550             0.167016             1.421230
AT1G75290             7.077210             0.353181             4.568508
AT1G78480             6.915670             4.114491             0.527886
AT1G79780             2.768450             0.305604             1.113721
AT2G01008             27.391800             14.311144             1.465513
AT2G02750             0.388515             0.406586             0.049122
AT2G05810             10.565020             2.139497             0.050687
AT2G07687             2.705870             2.831155             0.135440
AT2G07695             1.678600             1.226319             0.063694
AT2G07696             8.866270             8.932297             0.220850
AT2G07706             463.702000             55.122928             0.046665
AT2G07727             3.714290             3.503513             0.177754
AT2G07728             1.670220             0.269374             0.163469
AT2G11035             1.743890             0.130572             2.693530
AT2G13550             2.896223             0.202286             1.348111
AT2G13965             44.734700             1.114875             61.734264
AT2G16586             68.188300             54.744444             1.156160
AT2G20710             1.406940             1.472813             0.136983
AT2G21950             25.297600             26.277808             0.085009
AT2G23755             5.666420             4.628541             0.119313
AT2G23985             14.881217             15.708143             0.816152
AT2G25650             15.184300             18.321748             1.973092
AT2G27389             7.211930             6.806562             0.183729
AT2G28670             20.596941             39.537638             0.076643
AT2G28671             16.656500             0.547461             0.066187
AT2G29420             19.168300             19.444381             0.786457
AT2G29950             0.922887             2.726468             0.165469
AT2G30766             6.873679             1.286694             0.074099
AT2G32650             70.002380             73.883182             2.758461
AT2G35860             14.589400             14.694324             1.119240
AT2G36220             33.878000             35.309095             3.819407
AT2G40850             0.831678             0.037624             0.999901
AT2G42865             33.829400             4.449054             62.765590
AT2G45530             16.862100             17.455865             0.641093
AT2G46970             22.983847             0.252395             0.228949
AT2G47880             31.598200             32.881782             0.454691
AT2G47930             82.763400             86.005255             10.012160
AT3G01200             34.120300             34.972776             2.980716
AT3G04700             2.852630             3.167569             0.247635
AT3G05930             4.449320             0.122717             0.148854
AT3G06868             5.941650             5.944755             0.334518
AT3G08520             1972.420000             315.275329             2864.284433
AT3G11110             9.211600             1.059543             11.706802
AT3G13276             6.059090             0.940924             15.459505
AT3G14630             0.456205             0.059699             0.577540
AT3G16380             0.144907             0.654231             0.060830
AT3G19020             1.625330             0.029249             2.154441
AT3G22210             63.247900             43.297676             2.447108
AT3G22570             8.255240             7.412672             0.265754
AT3G24020             35.269100             32.267908             1.109913
AT3G25820             5.278230             8.802255             0.042357
AT3G26430             14.176300             15.056935             0.182613
AT3G27025             0.625703             0.075019             0.907857
AT3G28150             3.774510             0.259136             4.780021
AT3G28770             0.239491             0.029472             0.266718
AT3G41762             3.893360             0.097410             2.124207
AT3G45060             0.748894             0.052260             0.947605
AT3G46230             5.392690             5.656186             0.589201
AT3G47295             116.211000             120.480207             9.950946
AT3G51490             0.381435             0.044978             0.597881
AT3G52105             52.875400             58.558255             2.215473
AT3G52526             49.312000             13.514444             3.011313
AT3G54085             41.448962             50.946924             0.655314
AT3G55200             5.732690             5.787455             0.498559
AT3G55220             6.669900             6.904632             0.684082
AT3G56910             506.500000             527.231191             60.461060
AT3G57785             72.423600             78.284961             6.809130
AT3G59400             71.348700             72.851955             0.295943
AT3G62090             3.655580             2.820738             0.148318
AT3G62540             3.444140             3.801806             0.058306
AT3G63052             5.000610             5.201362             0.543802
AT4G00880             9.926130             10.784842             0.307871
AT4G02200             12.243870             9.374018             0.868172
AT4G02520             1143.100000             1208.036186             20.077910
AT4G02970             24.085700             0.145142             75.081830
AT4G03140             12.089300             5.612660             0.199846
AT4G03490             1.981070             3.664942             0.352706
AT4G03940             9.486970             0.462086             6.524683
AT4G04972             4.158560             4.206705             0.409136
AT4G10640             0.412009             1.355761             0.149059
AT4G12510             28.703600             29.973760             1.426248
AT4G12545             16.722100             17.356155             0.938972
AT4G12550             25.676500             27.121287             1.539666
AT4G13880             1.214470             0.077025             1.163118
AT4G13885             0.573103             0.150243             1.277430
AT4G15150             12.462100             0.311325             16.060404
AT4G16410             121.646000             133.620598             1.813685
AT4G16670             12.545540             3.652018             0.152310
AT4G17100             34.612000             34.368085             3.003335
AT4G18220             3.578210             4.351119             0.398734
AT4G20690             47.989700             21.901844             1.489218
AT4G22470             21.576800             24.229427             0.387179
AT4G22485             12.069900             21.472620             0.061070
AT4G24910             1.467070             0.209473             1.689563
AT4G26288             45.889900             57.977885             0.624326
AT4G26790             4.386410             0.932980             0.282304
AT4G30660             238.732500             246.611469             9.862823
AT4G32208             16.392600             3.697201             0.423548
AT4G32210             121.065000             127.020191             12.569398
AT4G33467             5.199343             5.453916             0.228866
AT4G33666             61.629600             64.065236             0.374452
AT4G34881             247.816000             258.654092             10.017437
AT4G35295             4.706950             0.596697             8.688919
AT4G36791             2.272670             1.689608             13.527067
AT4G37410             47.037300             48.653891             2.415865
AT4G38210             9.767170             8.905295             0.459031
AT4G38540             58.230500             53.141712             2.430890
AT5G07610             5.053200             0.084007             6.102436
AT5G10100             14.784554             1.181496             1.597602
AT5G10430             77.795500             79.805365             1.675611
AT5G11970             21.043900             38.364738             0.974924
AT5G14510             5.462750             5.889933             0.195337
AT5G16230             5.948240             5.833393             0.641788
AT5G16770             1.033311             1.279203             0.073667
AT5G18260             24.064100             6.481623             1.145615
AT5G18470             14.759100             14.296038             0.576496
AT5G21910             3.843690             0.301482             0.486914
AT5G24215             6.549850             0.483724             11.682467
AT5G27400             33.355500             34.698577             1.402980
AT5G27660             15.091500             14.999230             1.864694
AT5G28380             1.128280             0.091735             0.333316
AT5G28460             4.030190             4.018572             0.043848
AT5G35926             2.989841             0.051304             1.178289
AT5G36740             0.522511             0.546635             0.027494
AT5G36790             32.581760             46.677594             0.741453
AT5G37247             2.144940             0.445647             4.485659
AT5G41610             3.859090             2.056931             0.080136
AT5G41685             91.776200             96.230294             10.073348
AT5G42090             41.841800             43.330484             1.787567
AT5G42760             1.772890             0.168804             1.532812
AT5G42820             70.917200             72.827241             1.751409
AT5G49440             111.028000             1.469807             138.846905
AT5G50530             9.005230             8.945356             0.057379
AT5G52100             28.597500             29.552014             3.369379
AT5G52170             1.208581             13.889985             0.297527
AT5G53810             1.180770             0.065066             1.495356
AT5G54570             3.099407             0.239895             0.096795
AT5G55450             48.001200             48.341918             0.159847
AT5G55490             0.713462             0.101162             1.283925
AT5G57760             32.141300             32.535521             1.222786
AT5G57887             160.794000             166.974221             4.263076
AT5G58570             46.536900             47.749518             4.669241
AT5G60630             3.237260             3.363432             0.194634
AT5G61900             9.505440             9.757545             0.057808
AT5G64570             157.664810             161.796275             19.548070
AT5G64816             19.135830             19.618557             0.936500
AT5G67490             166.413000             170.942061             0.180061
ATCG00050             16.765900             2.412219             39.591415
ATCG00640             177.093000             10.865598             4058.120027
ATCG00840             185.519000             297.952401             2.607627
ATCG00860             1.801860             3.058478             0.048557
ATCG00900             649.206000             1187.599612             15.287094
ATCG00905             3277.520000             3072.043506             78.869677
ATCG01310             527.703000             972.696625             2.938788
ATMG00030             1025.820000             1.282456             1430.189714
ATMG00280             0.601676             1.049252             6.460689
ATMG00520             3.102040             2.951668             0.118919
ATMG00580             5.699490             5.065638             0.083954
ATMG00830             7.630840             5.830621             0.341736
ATMG01080             3.940960             2.468921             0.354808
ATMG01190             26.535500             21.539036             0.326691
ATMG01200             8.124130             3.653292             0.788750
