id		sailfish	            salmon	       STAR				TraVA_Med	RPKM	     TotalGeneReads		RPKMToTpm
AT1G08310             0.834023             0.793804             4812.254177			18		0.5		12		
AT1G29720             0.208425             0.191222             1124.364372			3		0.21		11		
AT1G29730             2.203450             2.005155             12594.584060			64		1.82		91		
AT1G51820             0.135275             0.112837             1881.984985			0		0.07		3		
AT1G53990             0.294929             0.281622             3298.332565			0		0.23		4		
AT1G73066             0.031885             0.029469             141.617283			77            	0.03		1		
AT2G05380             10542.654100             9779.092780             0.598743		121024		6412.24		62995		
AT2G20700             0.963359             0.953343             8849.719185			10		0.54		6		
AT2G36160             253.123000             244.728403             0.033965			2980		200.02		2456		
AT2G39310             662.555300             580.477678             0.123359			24664		508.1		13487		
AT2G47400             1296.400000             1252.981440             0.034430		14211		1416.93		13295		
AT4G01350             0.065059             0.059890             724.537278			10		0.06		2		
AT4G19645             0.073569             0.070241             1868.380219			10		0.06		1		
AT5G11740             978.346000             937.919489             0.032090			10201		1360.25		11825		
AT5G23411             150.775000             1026.519680             0.073793		0		0		0		
AT5G37780             517.014420             503.212381             0.059487			5160		337.35		4923		
AT5G39480             0.000271             0.041287             56.457523			0		0		0		
AT5G41700             2133.721960             1833.797435             0.185039		18864		859.78		19665		
AT5G44620             0.077393             0.071267             361.558354			2		0.07		2		
AT5G61400             0.037756             0.035080             490.868765			46		0.03		1		
