AT1G08310             0.834023             0.793804             4812.254177
AT1G29720             0.208425             0.191222             1124.364372
AT1G29730             2.203450             2.005155             12594.584060
AT1G51820             0.135275             0.112837             1881.984985
AT1G53990             0.294929             0.281622             3298.332565
AT1G73066             0.031885             0.029469             141.617283
AT2G05380             10542.654100             9779.092780             0.598743
AT2G20700             0.963359             0.953343             8849.719185
AT2G36160             253.123000             244.728403             0.033965
AT2G39310             662.555300             580.477678             0.123359
AT2G47400             1296.400000             1252.981440             0.034430
AT4G01350             0.065059             0.059890             724.537278
AT4G19645             0.073569             0.070241             1868.380219
AT5G11740             978.346000             937.919489             0.032090
AT5G23411             150.775000             1026.519680             0.073793
AT5G37780             517.014420             503.212381             0.059487
AT5G39480             0.000271             0.041287             56.457523
AT5G41700             2133.721960             1833.797435             0.185039
AT5G44620             0.077393             0.071267             361.558354
AT5G61400             0.037756             0.035080             490.868765
