AT1G01380             94.616300             91.373089             0.231589
AT1G01470             287.898000             268.995795             0.623301
AT1G02500             373.418500             329.976489             0.477845
AT1G02620             0.056337             0.053084             34.161869
AT1G03410             21.387600             19.564579             0.030357
AT1G03840             0.527398             0.395558             201.017701
AT1G04180             0.045992             0.042998             19.718532
AT1G04380             0.351290             0.329459             461.560016
AT1G04490             0.034510             0.031986             15.535424
AT1G05190             293.176000             280.643086             0.568691
AT1G05820             2.807488             2.602036             1091.404014
AT1G07660             87.164900             84.809744             0.282166
AT1G07920             379.781000             355.677321             1.387666
AT1G08290             0.196580             0.182858             257.476089
AT1G08310             0.834023             0.793804             4812.254177
AT1G08520             60.362400             55.016938             0.041561
AT1G08660             41.882700             36.890017             0.058091
AT1G08730             0.052568             0.047956             25.182977
AT1G09340             159.017100             147.490876             0.035254
AT1G09410             0.031915             0.029523             11.960201
AT1G09500             0.425660             0.256812             75.511964
AT1G10470             41.883200             39.092317             0.092172
AT1G11280             24.683880             22.011150             0.063956
AT1G11340             0.058832             0.053771             30.655247
AT1G12030             0.816978             0.776733             1894.131034
AT1G12080             168.781000             167.932227             0.235590
AT1G12090             1700.680000             1604.928924             1.418139
AT1G12270             42.206100             39.172298             0.157027
AT1G13390             36.829500             34.722695             0.061117
AT1G13430             42.233800             39.372893             0.055206
AT1G14315             0.282543             0.284618             206.070106
AT1G15200             58.267200             53.291163             0.158719
AT1G15500             98.655700             90.535365             0.094538
AT1G15625             0.085680             0.082574             47.059866
AT1G15720             5.500170             5.161142             1546.627456
AT1G15750             42.248771             38.135888             0.101720
AT1G16260             21.806911             19.358320             0.066920
AT1G16770             0.148120             0.141473             198.513085
AT1G16840             65.316250             62.639231             0.066587
AT1G17020             0.351555             0.329716             153.550710
AT1G17990             54.825200             130.624763             0.121997
AT1G18410             0.120497             0.095748             180.277893
AT1G19190             0.418759             0.398654             282.261197
AT1G19485             13.248750             12.144937             0.050339
AT1G19620             0.088408             0.085386             195.320507
AT1G19660             133.186000             124.174323             0.233425
AT1G20080             0.259140             0.241754             62.337299
AT1G20480             1.979420             1.840549             3964.984932
AT1G20570             0.387748             0.357344             614.474671
AT1G21060             18.204000             16.880354             0.052774
AT1G21210             0.119417             0.043926             18.301840
AT1G21520             0.094022             0.091207             31.277021
AT1G22070             39.849900             36.975059             0.124929
AT1G22300             339.189500             316.161382             0.241989
AT1G24880             2304.728000             2549.223055             1.147950
AT1G26220             30.016500             29.525693             0.053174
AT1G26890             0.340518             0.318984             102.640775
AT1G27695             30.945100             32.878861             0.019314
AT1G27720             0.882630             0.817720             238.223565
AT1G29710             3.897680             3.594427             2070.918319
AT1G29720             0.208425             0.191222             1124.364372
AT1G29730             2.203450             2.005155             12594.584060
AT1G29880             28.686300             26.407057             0.096143
AT1G29930             13847.400000             13145.078880             33.734838
AT1G29965             41.681900             47.362999             0.150913
AT1G29990             118.629000             115.809034             0.459566
AT1G30710             0.039762             0.036999             174.320926
AT1G31150             8.007670             7.230923             2486.633780
AT1G31240             0.153054             0.146464             94.662087
AT1G31800             42.208900             38.346108             0.131745
AT1G31840             0.152077             0.139993             82.556128
AT1G31885             0.095642             0.092896             42.912473
AT1G31990             0.119335             0.112728             116.639271
AT1G32070             105.095300             96.460128             0.057806
AT1G32270             0.209413             0.196721             474.720825
AT1G32700             73.776960             69.574277             0.059947
AT1G32960             0.054264             0.050021             76.299045
AT1G35630             0.077506             0.890702             37.556736
AT1G48300             667.437000             614.032275             0.376596
AT1G49610             0.616465             0.590164             326.871721
AT1G49790             0.180294             0.170368             45.912067
AT1G50650             0.126277             0.125672             223.274934
AT1G51430             56.754700             53.186284             0.161917
AT1G51650             196.757000             191.835887             0.142356
AT1G51790             1.068567             0.980529             366.296279
AT1G51820             0.135275             0.112837             1881.984985
AT1G52280             46.277400             44.291706             0.047667
AT1G52640             0.043162             0.040265             31.814829
AT1G53660             0.070309             0.052804             17.494318
AT1G53680             0.238113             0.235604             88.910282
AT1G53885             28.302500             55.108375             0.035995
AT1G53990             0.294929             0.281622             3298.332565
AT1G54040             0.113927             0.107398             39.225415
AT1G54690             54.911100             53.697944             0.102857
AT1G54990             24.831400             23.208396             0.071189
AT1G55170             9.091710             8.626136             0.035389
AT1G55390             0.064447             0.059630             20.183262
AT1G56280             1314.039353             1224.837229             0.461727
AT1G58983             318.369000             110.255505             0.623234
AT1G60950             694.096000             666.417598             2.509020
AT1G61065             7.971090             7.693689             3108.657415
AT1G61780             116.009000             116.181141             0.068892
AT1G61860             0.119499             0.111201             36.878300
AT1G62040             95.676500             92.748328             0.082934
AT1G62250             32.276540             29.706868             0.068571
AT1G62320             0.031183             0.028830             10.065112
AT1G62480             125.675000             122.721025             0.070005
AT1G63860             4.084770             3.742912             1174.384088
AT1G64220             1.664920             3.125198             1599.571425
AT1G64860             38.769900             35.788770             0.130577
AT1G65290             142.813000             139.853261             0.476760
AT1G65295             93.063200             87.474299             0.049064
AT1G65620             0.318930             0.305956             140.071683
AT1G65820             124.995120             120.092214             0.218532
AT1G65890             0.305514             0.283946             90.480133
AT1G66240             451.353800             310.307373             1.405369
AT1G66430             81.519300             75.439739             0.247964
AT1G66510             7.832052             7.324854             6883.863185
AT1G67740             607.967000             575.468790             1.189962
AT1G68530             492.498000             452.902474             1.572500
AT1G68560             223.117000             204.487159             0.581718
AT1G68800             0.084450             0.077255             31.179907
AT1G68930             0.724626             0.642099             315.254403
AT1G69710             0.040225             0.036885             21.266358
AT1G69790             0.056721             0.044393             34.386974
AT1G70110             0.146380             0.135884             47.112185
AT1G70270             0.386666             0.406735             1409.759271
AT1G70460             0.196636             0.045227             31.045361
AT1G70580             19.864640             18.360881             0.045376
AT1G70860             0.088999             0.085995             33.471776
AT1G70940             77.632500             71.240072             0.054111
AT1G71140             0.041086             0.038269             31.455845
AT1G72370             279.774000             263.642743             0.624114
AT1G72480             23.386200             21.710313             0.035153
AT1G73066             0.031885             0.029469             141.617283
AT1G73300             0.875589             1.054569             449.818577
AT1G73700             0.043959             0.041034             18.186481
AT1G74730             151.236000             146.537753             0.541953
AT1G74870             0.641762             0.601505             369.928194
AT1G75220             81.720800             75.233338             0.110995
AT1G75620             1.010290             0.939446             382.899017
AT1G77405             0.612974             0.524819             383.389481
AT1G77960             0.656125             0.613805             190.230118
AT1G78950             0.028587             0.026379             45.344458
AT1G79040             5177.750000             5092.647449             9.282996
AT1G79930             51.818370             49.014298             0.166996
AT1G80240             0.096167             0.090048             46.014156
AT1G80540             0.114831             0.106732             28.345441
AT2G01021             6506.270000             35364.659000             13.157073
AT2G01430             0.740757             0.684703             247.168114
AT2G01510             1.903050             1.758181             461.443752
AT2G02180             41.920300             38.927250             0.086949
AT2G02760             208.271280             194.350101             0.490502
AT2G03510             29.415000             27.393752             0.030245
AT2G04400             38.316300             35.791299             0.083879
AT2G04410             346.294000             352.957065             0.080663
AT2G04780             82.593770             77.454200             0.307270
AT2G05380             10542.654100             9779.092780             0.598743
AT2G05520             9543.144000             7911.935744             4.657708
AT2G05642             0.039363             0.146821             42.581083
AT2G05710             43.272800             39.598363             0.022405
AT2G09990             106.749000             95.565064             0.118211
AT2G11225             131.222000             107.325629             0.045799
AT2G15400             0.061629             0.057597             38.606626
AT2G18720             0.413988             0.393872             233.475940
AT2G19440             0.097007             0.084312             154.908713
AT2G20700             0.963359             0.953343             8849.719185
AT2G21045             1.254150             0.562587             172.783525
AT2G21160             126.558200             110.746242             0.368227
AT2G21660             8112.680000             7549.252919             4.699344
AT2G22125             37.780200             34.183047             0.051392
AT2G22600             0.067756             0.062770             18.686156
AT2G22860             25.850500             25.862320             0.065260
AT2G23610             90.625000             84.145898             0.079274
AT2G24040             19.623500             18.821018             0.037064
AT2G24130             0.291512             0.268137             398.338374
AT2G25150             0.033554             0.031077             33.547349
AT2G25980             0.044134             0.041202             17.012854
AT2G28740             89.461900             89.261746             0.256884
AT2G29440             2.411810             2.110219             2703.534666
AT2G30060             92.035500             86.532455             0.250779
AT2G30440             98.695800             90.896814             0.219619
AT2G30900             0.059366             0.057799             32.338305
AT2G32070             43.471300             41.093742             0.097363
AT2G32160             0.052894             0.049708             45.077080
AT2G32500             42.185000             40.079208             0.124823
AT2G33040             146.786000             136.917207             0.173938
AT2G34020             0.032538             0.030113             9.637031
AT2G34100             0.363539             0.343654             189.442908
AT2G34230             0.123689             0.114334             51.998371
AT2G35490             40.073800             37.585047             0.074389
AT2G36160             253.123000             244.728403             0.033965
AT2G36530             216.662000             200.427129             0.377669
AT2G37000             0.083011             0.079837             101.432322
AT2G37280             2.591252             2.367445             1216.022287
AT2G37290             0.100053             0.078895             29.721014
AT2G37678             41.184440             39.692006             0.032980
AT2G37980             0.054799             0.050522             21.346503
AT2G38360             20.507500             19.403233             0.059972
AT2G38465             4.409690             4.601028             1705.203939
AT2G38820             14.981840             13.993442             0.048836
AT2G39010             245.808000             229.205997             0.408169
AT2G39310             662.555300             580.477678             0.123359
AT2G39730             1530.752000             1416.506208             1.515593
AT2G40260             0.422318             0.393700             245.812540
AT2G40610             570.925000             536.791904             0.148180
AT2G40750             0.108192             0.101770             48.670709
AT2G40880             70.879400             71.749695             0.144308
AT2G41430             1528.783600             1467.979196             5.003754
AT2G41475             114.956000             109.292914             0.179404
AT2G42600             105.804070             95.387938             0.057671
AT2G43370             19.176990             17.628141             0.038822
AT2G44590             0.035147             0.032592             15.155328
AT2G44610             124.739000             117.149419             0.059826
AT2G45180             3267.590000             3144.509392             1.191949
AT2G45960             1324.944000             1246.906792             4.269301
AT2G47400             1296.400000             1252.981440             0.034430
AT2G47460             0.626444             0.586625             257.491983
AT2G47550             0.113205             0.105178             144.167968
AT2G47640             86.205835             82.600125             0.043941
AT2G47910             23.776780             22.212575             0.043810
AT2G48130             0.059424             0.054795             44.187262
AT3G01270             0.038744             0.036024             20.852416
AT3G01400             15.031100             14.279236             0.047148
AT3G02730             295.014000             283.896335             0.065814
AT3G02850             0.357643             0.316132             321.516885
AT3G03660             0.662857             0.632910             266.309722
AT3G04000             0.059614             0.056311             26.439577
AT3G04320             0.096753             0.094057             50.069175
AT3G04590             24.668300             22.859536             0.028589
AT3G04700             1.984890             2.410793             987.173762
AT3G05345             30.155400             26.037807             0.052641
AT3G05390             0.071540             0.066369             17.763072
AT3G05937             0.380885             0.364387             323.568053
AT3G06610             60.665800             58.761243             0.202184
AT3G06700             812.890400             738.141692             0.379860
AT3G06970             0.086011             0.082916             115.035149
AT3G08790             0.113720             0.105670             29.484618
AT3G08940             1724.740000             1558.337335             3.750462
AT3G09085             22.556500             23.139709             0.048611
AT3G09260             3407.590000             3162.066871             1.075901
AT3G09860             216.230000             216.573128             0.510983
AT3G10470             0.044018             0.041090             105.210876
AT3G11080             0.290666             0.248841             223.515217
AT3G11500             108.852400             100.550383             0.060514
AT3G12060             0.081117             0.066107             21.628438
AT3G12490             293.012000             217.876817             0.582638
AT3G12770             0.072030             0.065194             77.097188
AT3G12833             0.080309             0.077077             215.576840
AT3G13380             0.509343             0.465439             214.408438
AT3G13410             114.077000             105.944645             0.152897
AT3G13882             87.201800             85.914117             0.176080
AT3G14040             0.041599             0.038762             19.832824
AT3G14060             0.269516             0.260592             73.474658
AT3G14260             0.253132             0.243712             152.369870
AT3G14640             0.092849             0.086501             22.997311
AT3G15000             92.739000             86.401094             0.033279
AT3G15050             0.665672             0.646284             422.063217
AT3G15190             138.910000             133.338247             0.477184
AT3G15240             0.097934             0.091763             39.765089
AT3G15260             31.376640             29.179055             0.100884
AT3G16420             2711.598000             2546.966950             3.491093
AT3G16610             0.659103             0.610972             404.577554
AT3G16640             5053.880000             4846.195705             6.596272
AT3G16660             0.091441             0.088525             41.915550
AT3G16670             0.209642             0.205100             78.540865
AT3G18360             0.201364             0.191303             52.372208
AT3G19820             257.725100             237.733760             0.323006
AT3G20760             0.029722             0.027450             56.025844
AT3G20950             0.144774             0.135579             78.147020
AT3G21055             2669.526450             2741.919517             6.737167
AT3G21520             0.314958             0.308175             190.146289
AT3G23450             342.998200             317.067860             0.205140
AT3G24575             20.767200             17.269914             0.045771
AT3G25010             1.425500             1.450045             1384.480214
AT3G25011             0.186306             0.194812             57.722099
AT3G25530             115.864700             105.968566             0.183807
AT3G25717             732.747000             760.992291             2.457641
AT3G26220             1.504660             1.399925             469.859405
AT3G26240             5.531820             5.286448             0.021458
AT3G27730             0.019421             0.017799             75.844177
AT3G44460             0.042285             0.039422             20.805314
AT3G44690             0.321802             0.184426             195.731456
AT3G44713             0.597005             0.478878             229.564967
AT3G45440             0.217657             0.188283             104.965910
AT3G46440             25.486700             23.484069             0.044285
AT3G47090             0.206679             0.189601             78.606582
AT3G47110             0.471235             0.397167             328.906440
AT3G47720             0.064813             0.060439             21.092154
AT3G48010             0.089727             0.082878             30.070187
AT3G48770             0.011230             0.010231             21.711465
AT3G51920             101.234000             96.949311             0.079789
AT3G52920             61.419900             58.053787             0.236456
AT3G52940             21.702410             19.638695             5237.949314
AT3G53780             13.246120             12.279343             0.043603
AT3G53840             0.072238             0.067034             304.346706
AT3G53850             22.068570             20.713494             0.059011
AT3G54420             0.927368             0.903313             266.745346
AT3G54890             4703.970460             4455.080251             11.951233
AT3G55090             0.026359             0.024283             62.320589
AT3G55980             33.772900             30.786239             0.107985
AT3G56050             100.144100             92.008319             0.076001
AT3G56360             240.717000             224.744956             0.136760
AT3G57470             28.684273             25.599528             0.069872
AT3G57785             54.652600             67.227369             0.086034
AT3G58850             51.834800             49.783952             0.091615
AT3G58900             10.037230             9.233415             0.021938
AT3G59250             1.188180             1.066778             433.970751
AT3G59760             68.288530             60.088140             0.145905
AT3G59830             0.038948             0.036219             23.558194
AT3G60415             0.255396             0.246036             75.027153
AT3G60700             0.169614             0.163356             47.065821
AT3G60970             0.033726             0.026522             88.951900
AT3G61600             40.154130             36.952524             0.078263
AT3G61920             0.188045             0.182414             73.959011
AT3G61990             43.370400             41.098202             0.063487
AT3G62290             1200.362000             1164.779036             0.337823
AT3G62890             1.776020             1.653345             840.049697
AT3G63160             269.186000             270.029992             0.571781
AT3G66654             55.035370             52.051981             0.207218
AT4G00070             0.070907             0.067561             49.823551
AT4G00165             39.455700             67.535383             0.053795
AT4G00695             0.131772             0.131722             108.087566
AT4G00700             0.101761             0.093328             97.882265
AT4G00810             207.669500             207.847365             0.074540
AT4G01350             0.065059             0.059890             724.537278
AT4G01370             56.162300             58.530062             0.133174
AT4G01925             0.337083             0.324558             174.680828
AT4G04740             15.904300             14.378009             0.050907
AT4G06534             0.046669             0.043652             20.682891
AT4G07825             56.925000             53.249272             0.085090
AT4G08700             15.425800             14.487141             0.054877
AT4G09320             1265.310000             1397.703294             1.934527
AT4G09800             464.722000             454.674777             1.250214
AT4G10010             0.034492             0.031969             41.915506
AT4G10560             0.130407             0.090521             35.648913
AT4G10600             1.940650             1.843407             2940.274517
AT4G10610             40.209000             37.468579             0.054431
AT4G11000             0.049698             0.046592             85.662432
AT4G11211             915.691000             995.047594             2.606259
AT4G11440             5.221940             4.790747             0.018338
AT4G11600             189.572000             180.203467             0.111923
AT4G11655             0.268791             0.259842             392.264436
AT4G12060             48.594000             45.874097             0.081756
AT4G12420             111.496855             102.832480             0.142173
AT4G12800             2649.350000             2524.880480             7.017523
AT4G12880             483.543000             431.194445             0.658827
AT4G13430             115.506000             105.968982             0.415489
AT4G13500             77.791100             77.703007             0.192789
AT4G15236             0.565420             0.509261             145.371024
AT4G16370             179.287000             164.514919             0.434743
AT4G16610             0.451385             0.431518             329.764130
AT4G16720             302.004000             289.265587             0.613469
AT4G17870             136.726000             128.670614             0.354552
AT4G17880             34.275000             31.652906             0.097673
AT4G17970             0.490765             0.195022             198.141295
AT4G18400             41.139500             43.721870             0.138561
AT4G18510             0.098615             0.096008             95.690739
AT4G18910             26.824630             22.721993             0.097222
AT4G19050             0.276866             0.253567             108.867168
AT4G19220             0.903186             0.831256             351.312092
AT4G19645             0.073569             0.070241             1868.380219
AT4G20040             0.321061             0.300126             135.393547
AT4G20235             0.404962             0.388868             640.274688
AT4G21380             0.208160             0.191303             115.830687
AT4G21430             6.919300             6.319989             2641.970146
AT4G22214             0.187218             0.177223             92.933528
AT4G22510             506.824000             455.305137             1.117168
AT4G22670             59.439600             55.087827             0.101931
AT4G22745             39.541400             38.057292             0.046523
AT4G23130             0.064791             0.059957             97.524335
AT4G23210             0.118782             0.109698             357.584980
AT4G23280             0.118882             0.106833             41.249394
AT4G23630             104.263000             96.576724             0.233055
AT4G23670             2357.060000             2245.992504             2.030325
AT4G25000             0.947991             0.887204             382.877180
AT4G25080             242.053300             214.930469             0.198060
AT4G25110             0.042125             0.039267             11.151106
AT4G25570             330.388200             306.263909             0.551492
AT4G25850             0.137126             0.127910             45.232062
AT4G25860             0.120690             0.114321             97.781947
AT4G26020             0.211304             0.206862             55.385942
AT4G26370             34.292940             32.341120             0.095955
AT4G27440             353.556100             318.307369             0.630121
AT4G27510             0.179292             0.165603             48.353490
AT4G28060             123.027000             124.801906             0.079617
AT4G28720             0.086887             0.081073             63.410241
AT4G28840             0.179920             0.173979             45.866895
AT4G30960             202.335000             186.903578             0.088304
AT4G32650             2.542103             2.187979             668.051146
AT4G32940             217.454000             199.878851             0.126105
AT4G33390             0.079931             0.073650             74.467190
AT4G34460             74.078210             68.070587             0.114002
AT4G34620             1018.310000             1013.268236             1.187830
AT4G35570             171.031500             169.330316             0.286930
AT4G36105             0.297896             0.284618             329.701266
AT4G36250             176.014000             162.229809             0.225101
AT4G36730             71.893100             67.523206             0.115977
AT4G38660             61.229700             55.348941             0.037157
AT4G38830             0.203787             0.188803             173.956686
AT4G38920             181.202350             171.696307             0.408111
AT4G38950             3.436541             3.075106             6342.416306
AT4G38970             504.655000             456.347927             1.070616
AT4G39070             0.981700             0.923736             948.192295
AT4G39730             130.266000             123.878634             0.202323
AT4G39810             1.657760             1.599635             606.657594
AT5G01070             0.108934             0.106921             43.115030
AT5G01300             0.444704             0.479656             268.186256
AT5G01960             25.609300             23.742534             0.028949
AT5G02120             464.754000             492.657385             1.834465
AT5G02380             5719.060000             5942.655841             10.358313
AT5G02480             95.057600             87.535280             0.164387
AT5G02502             34.287100             34.745934             0.055248
AT5G03530             46.099400             43.377937             0.175765
AT5G05070             0.050034             0.046919             20.731788
AT5G05080             105.514600             97.927679             0.203066
AT5G05170             202.617000             184.596719             0.265964
AT5G05490             0.035203             0.032645             64.872425
AT5G06070             0.159274             0.152784             43.552995
AT5G06360             72.349800             68.883574             0.139568
AT5G06650             1.260080             1.242335             409.465962
AT5G06790             1.010660             0.899249             369.825195
AT5G07450             0.524104             0.512749             599.745570
AT5G09270             18.551680             17.894675             0.070474
AT5G09330             42.422845             38.319927             0.149564
AT5G09640             0.092112             0.086118             36.231076
AT5G09800             0.323287             0.302279             102.595712
AT5G11080             0.430948             0.136967             36.592968
AT5G11740             978.346000             937.919489             0.032090
AT5G12110             12.270200             10.541830             4788.173776
AT5G12130             27.557300             25.018492             0.037971
AT5G12370             44.644300             40.580447             0.104092
AT5G13180             106.815000             99.324684             0.149080
AT5G13320             0.216949             0.201327             119.274484
AT5G13990             0.439024             0.405951             122.190123
AT5G14250             22.597790             21.073293             0.067103
AT5G14410             85.414740             86.788748             0.218857
AT5G14870             0.029048             0.026814             14.417708
AT5G15140             0.042774             0.039892             39.857558
AT5G15230             4298.513700             4218.540650             11.239063
AT5G15420             0.243622             0.238545             67.088514
AT5G17150             0.198404             0.193248             133.760378
AT5G18020             61.419100             62.690679             0.110579
AT5G19190             231.620000             216.547877             0.149889
AT5G19550             35.416000             32.643262             0.122742
AT5G20190             97.538900             90.349660             0.337565
AT5G20490             20.669530             18.587377             0.034446
AT5G20600             12.998200             12.099290             0.026904
AT5G23411             150.775000             1026.519680             0.073793
AT5G23980             0.031183             0.028830             9.153706
AT5G25470             0.199157             0.189100             210.619601
AT5G26320             0.064182             0.060805             42.544320
AT5G26920             0.136765             0.126730             45.678950
AT5G27720             83.513400             80.507074             0.073961
AT5G27810             0.453533             0.446729             670.110889
AT5G28630             55.068500             54.291710             0.095643
AT5G35320             18.233000             17.327431             0.037825
AT5G35715             0.050412             0.047287             155.393593
AT5G36230             120.739810             112.972408             0.057267
AT5G36800             9.749160             18.180235             0.058495
AT5G37780             517.014420             503.212381             0.059487
AT5G38520             63.616000             52.143846             0.055125
AT5G38650             66.187200             60.865092             0.031265
AT5G38900             0.198997             0.193870             49.943421
AT5G39260             0.337692             0.320252             163.629829
AT5G39480             0.000271             0.041287             56.457523
AT5G40950             205.401000             196.562662             0.753021
AT5G41160             0.141984             0.134184             53.183308
AT5G41210             71.773400             68.104025             0.102073
AT5G41350             22.418600             21.055843             0.048451
AT5G41700             2133.721960             1833.797435             0.185039
AT5G41750             0.049335             0.041516             36.228299
AT5G42560             33.621130             30.643141             0.057920
AT5G43150             41.162400             40.865293             0.091005
AT5G43510             1.796000             2.588813             601.245477
AT5G44140             0.098908             0.096315             36.946411
AT5G44260             0.043873             0.040950             88.283604
AT5G44620             0.077393             0.071267             361.558354
AT5G45300             12.362800             11.466053             0.027377
AT5G46680             0.891387             0.791542             447.566695
AT5G46700             24.598400             22.338607             0.030170
AT5G46915             0.081488             0.078279             25.032206
AT5G47630             79.656730             82.824664             0.057223
AT5G48300             68.288900             62.971160             0.241197
AT5G48410             0.198407             0.183048             57.966798
AT5G48960             16.930200             15.592797             0.037054
AT5G49720             402.694000             370.035454             1.070559
AT5G50130             1.692990             1.595321             1368.661820
AT5G50175             0.086458             0.083375             61.575282
AT5G51630             3.193023             2.918667             3135.819568
AT5G51800             0.420892             0.386529             1420.309503
AT5G53360             17.133930             14.006021             0.034318
AT5G53470             17.112000             16.031160             0.051936
AT5G54960             36.234300             33.432775             0.104833
AT5G55620             31.921000             30.591806             0.119071
AT5G56130             12.913800             12.386415             0.049443
AT5G56510             0.031066             0.028720             14.909444
AT5G56660             22.692400             20.443046             0.071500
AT5G56710             455.971000             436.721071             0.643192
AT5G56980             29.437700             31.144219             0.072509
AT5G57820             0.285571             0.288023             87.990868
AT5G58060             96.103300             100.127278             0.041702
AT5G58787             30.524411             27.802315             0.050099
AT5G58950             96.233400             88.891326             0.230743
AT5G59940             0.064728             0.059897             24.913784
AT5G60250             0.073837             0.065989             39.908167
AT5G61400             0.037756             0.035080             490.868765
AT5G61650             0.162105             0.241210             56.362046
AT5G62160             0.045366             0.042392             152.740636
AT5G62370             0.967940             0.888811             270.129528
AT5G62520             51.765910             47.548052             0.161503
AT5G62830             0.087250             0.084191             34.986174
AT5G64490             0.301605             0.288368             128.487784
AT5G64920             53.512200             49.706616             0.093459
AT5G65030             1.014720             1.025249             411.825284
